0 15 13 70 4 8 98 0 31 80 72 36 98 59 39 75 26 92 89 0 67 43 1 96 24 43 56 61 0 91 61 56 62 89 66 24 62 66 32 90 60 78 15 29 65 18 91 3 47 39 77 73 25 4 32 8 68 19 51 0 96 51 69 21 42 34 21 0 74 63 10 86 0 10 26 21 5 25 60 28 54 0 46 42 13 3 44 18 0 51 22 69 50 87 17 89 41 27 0 0
13 0 22 47 0 57 10 6 16 0 75 3 63 68 51 76 41 40 100 66 37 96 42 70 49 22 0 0 52 73 74 87 17 25 24 100 38 20 47 52 61 62 71 28 66 64 63 24 64 90 76 30 84 93 31 17 67 0 78 93 34 6 65 60 94 64 50 19 11 51 67 86 0 53 0 31 19 37 51 42 71 0 68 0 73 97 19 80 50 61 13 1 0 62 57 55 19 17 1 77
67 91 0 41 93 88 75 78 29 50 99 87 86 72 0 17 52 37 26 50 73 36 0 99 99 77 19 53 85 100 38 67 14 58 71 78 84 94 66 58 49 17 9 82 32 98 0 70 96 79 49 54 96 0 65 12 75 9 0 2 58 37 51 73 36 0 17 96 87 68 0 78 40 74 75 91 92 15 29 0 100 59 82 98 68 86 73 25 5 22 3 73 25 97 98 43 42 50 11 39
88 22 3 0 9 41 10 74 84 20 0 9 8 14 87 36 62 76 21 20 90 82 48 98 0 77 45 0 85 2 69 13 85 42 98 0 5 75 63 36 63 97 40 78 40 0 96 0 97 94 62 98 72 65 32 91 79 85 23 28 72 10 73 82 95 2 0 27 72 0 0 0 7 31 60 0 96 26 99 50 42 83 78 0 36 85 96 62 3 71 43 68 36 60 19 0 47 89 96 58
78 56 0 96 0 47 41 89 3 11 7 58 58 88 2 82 46 5 96 59 35 0 85 57 28 0 93 17 37 30 0 44 79 26 28 15 26 57 21 86 19 0 0 11 73 30 60 3 29 97 4 54 62 10 70 59 14 50 37 28 11 0 45 34 72 32 100 95 39 100 0 77 52 87 71 7 1 92 88 98 7 0 82 7 52 99 82 58 36 92 0 97 28 19 13 0 26 83 36 14
8 3 59 87 82 0 5 66 0 11 63 99 9 16 12 79 3 70 85 7 0 100 93 40 79 24 0 4 44 29 49 32 91 37 31 67 76 0 79 54 23 15 60 86 40 0 94 32 0 90 9 49 44 0 0 67 0 39 14 95 39 35 15 67 62 36 80 53 31 1 52 16 54 4 84 63 50 17 27 27 18 29 70 96 0 44 94 0 60 57 20 57 0 64 96 90 83 0 89 0
19 90 61 12 0 0 0 30 77 21 5 0 5 0 56 70 21 0 25 42 93 14 88 17 2 52 29 49 43 8 28 0 66 46 0 3 11 26 24 98 24 93 78 57 21 6 14 97 58 25 54 60 94 57 49 14 2 48 57 82 0 0 62 0 63 65 74 28 21 76 100 47 18 0 72 19 0 15 6 50 81 76 68 78 34 26 43 5 28 0 87 17 60 58 82 90 78 96 21 94
1 49 52 76 6 98 58 0 32 60 28 94 86 8 68 80 32 49 32 1 81 47 22 99 80 63 94 78 9 43 13 8 93 98 58 40 50 50 64 60 62 45 53 70 85 57 88 15 96 0 11 0 0 54 7 71 12 74 95 25 0 26 36 10 31 11 89 80 62 36 4 2 0 29 40 59 47 31 85 0 79 46 50 99 0 8 2 48 71 34 28 75 97 31 22 84 90 0 39 81
43 7 10 4 99 100 5 0 0 44 30 58 13 43 0 60 56 54 22 94 87 12 18 11 4 0 49 0 77 4 19 98 80 46 54 14 49 1 94 58 68 76 25 8 38 62 36 0 86 29 82 15 92 0 11 0 63 67 56 56 71 48 64 81 17 51 54 75 7 76 63 17 38 23 8 82 0 39 44 62 47 83 0 76 99 42 57 86 43 82 38 0 80 56 95 48 7 69 36 32
46 59 0 39 74 8 17 5 73 0 48 7 32 45 35 49 88 0 62 30 7 76 98 69 41 57 92 32 100 1 44 99 95 89 7 76 0 39 43 17 7 14 66 53 63 25 48 80 5 83 89 3 47 0 54 35 86 21 91 17 81 18 97 0 53 81 87 45 50 35 92 7 77 37 26 34 58 5 56 12 37 48 20 41 52 39 43 52 0 7 66 72 0 53 81 84 86 27 88 62
68 74 84 57 0 1 0 75 78 97 0 35 70 77 10 35 0 21 1 65 0 62 0 70 19 23 24 5 31 2 44 38 75 93 24 0 5 15 78 67 95 95 60 19 34 0 33 42 65 6 51 34 55 16 74 88 25 92 67 58 0 44 47 29 86 72 17 93 38 36 67 74 37 54 43 0 34 92 37 61 26 93 100 54 14 49 74 67 3 53 39 25 40 87 41 0 0 25 85 94
39 19 46 98 42 55 26 36 41 68 55 0 88 68 30 29 28 16 85 94 98 21 46 73 14 9 71 96 5 74 18 0 0 48 12 37 50 84 2 97 64 38 80 44 8 8 6 48 5 28 29 55 0 78 7 10 100 34 28 68 81 37 16 87 68 81 10 85 92 22 29 23 3 18 24 37 61 62 86 21 69 5 85 19 90 71 24 45 62 67 22 61 52 60 91 0 17 30 48 78
83 53 43 41 98 72 5 0 15 32 2 6 0 37 91 43 33 0 79 0 1 89 13 17 10 47 93 35 61 51 9 19 3 84 84 0 0 70 75 56 3 27 56 23 59 24 76 41 77 16 0 24 66 19 96 61 66 80 0 22 86 73 22 49 27 0 80 88 97 1 74 43 62 49 20 7 37 55 14 91 18 6 0 76 97 75 66 45 0 2 86 41 46 77 13 83 49 71 76 28
39 0 78 17 88 83 11 97 68 96 3 91 55 0 59 11 12 57 96 0 63 18 12 0 8 5 51 36 57 77 15 92 17 32 94 62 84 36 14 82 86 34 18 96 99 28 55 1 0 44 18 56 99 22 10 0 67 10 28 78 9 83 35 85 27 91 19 96 18 7 21 54 0 41 0 50 0 18 88 86 11 94 97 0 50 73 21 45 89 19 85 77 92 62 65 84 46 21 53 32
4 9 5 61 21 20 9 0 61 21 34 69 82 42 0 0 17 100 28 24 0 22 76 0 39 13 52 98 21 33 47 20 84 0 76 100 0 90 29 41 86 40 97 46 79 73 0 50 60 11 8 50 8 83 59 18 63 73 86 40 22 21 82 30 99 59 11 13 0 67 37 63 32 37 21 81 25 34 1 86 30 77 85 0 10 39 99 74 100 31 15 90 97 29 5 78 56 95 55 18
12 38 5 46 89 95 24 78 17 40 24 11 87 22 2 0 66 35 66 83 90 19 42 41 59 23 66 55 92 98 65 37 84 76 65 84 24 1 0 69 8 62 3 0 92 79 0 98 37 59 16 0 75 62 32 0 3 3 65 79 95 92 92 69 99 58 72 12 55 24 48 8 63 95 65 29 21 55 54 31 38 34 99 58 84 77 0 0 24 67 63 86 53 64 19 74 81 52 59 3
81 14 39 3 51 13 19 64 42 97 28 15 46 0 72 0 0 80 22 46 57 63 74 20 73 76 78 5 99 0 2 1 91 19 98 37 84 70 66 0 94 93 13 95 98 37 98 22 50 5 94 64 92 0 23 36 0 53 86 56 42 85 62 2 33 90 86 0 84 78 44 0 52 1 50 40 43 35 91 92 11 53 92 7 59 32 92 0 92 72 11 33 47 82 78 60 37 0 97 8
90 28 61 15 17 0 48 56 0 56 53 66 52 59 31 39 76 0 85 29 17 3 61 100 4 2 51 93 29 74 86 85 86 16 77 0 97 78 8 56 53 24 64 87 30 99 27 59 60 70 91 89 83 21 4 45 66 48 1 11 50 17 18 31 90 28 36 9 92 78 52 42 39 41 21 44 54 83 17 13 35 81 13 15 83 35 36 70 49 2 70 79 10 9 89 46 78 52 22 25
76 20 55 27 59 0 0 87 57 95 0 89 5 45 80 61 0 85 0 98 2 72 16 83 14 56 13 23 5 92 11 72 76 28 82 84 0 24 2 0 57 95 43 85 32 93 14 55 77 16 30 16 84 64 13 0 25 23 30 75 28 68 64 90 100 65 84 46 20 78 1 33 28 21 53 0 1 59 73 55 0 27 62 76 51 45 75 50 36 71 20 50 4 25 79 77 78 0 8 100
0 54 95 99 98 29 16 43 50 15 81 79 76 28 51 0 10 98 67 0 0 34 18 77 58 23 46 23 3 0 45 50 31 0 54 99 80 34 43 72 54 82 43 11 22 86 50 85 86 48 23 0 8 53 42 32 19 30 0 10 90 0 82 12 12 69 0 0 17 59 65 88 9 90 83 48 70 96 8 25 77 82 85 52 82 92 26 80 24 100 41 17 52 32 100 19 50 59 74 69
97 73 0 95 39 95 3 64 27 40 39 4 2 28 98 19 69 34 42 58 0 69 87 35 75 98 73 70 84 0 47 43 23 36 0 51 30 96 65 79 87 99 46 68 11 100 35 57 50 53 47 68 43 56 0 32 97 50 79 32 20 90 92 45 39 0 16 88 3 76 17 40 100 82 39 51 20 38 29 97 98 42 51 74 38 0 63 84 77 18 40 95 46 97 64 3 94 6 43 5
29 85 14 15 83 31 80 76 27 0 58 0 37 49 32 0 0 78 42 0 27 0 69 8 16 55 72 32 78 33 9 52 7 67 98 95 83 46 88 99 5 3 60 61 94 27 52 77 78 43 53 73 49 17 64 21 89 70 61 90 54 64 44 5 62 76 24 44 100 60 67 5 18 9 24 4 58 65 80 0 0 75 15 56 69 12 11 81 32 17 44 29 48 96 24 20 9 62 8 76
54 100 97 88 91 68 98 35 17 35 31 100 6 0 86 70 0 25 72 61 29 19 0 52 0 85 77 41 95 43 30 34 93 0 2 17 88 26 69 68 38 39 0 68 3 62 56 20 0 0 52 8 45 76 57 0 0 90 14 84 2 69 78 95 45 38 68 0 87 96 63 75 11 65 13 15 85 79 0 82 70 98 86 55 84 8 24 70 57 47 25 62 50 12 57 15 0 62 67 25
5 28 66 75 31 59 5 21 36 98 33 60 15 0 12 83 8 29 50 0 12 69 83 0 0 15 92 60 11 20 62 47 86 0 85 50 17 16 16 2 29 23 48 67 34 31 26 51 21 45 2 0 56 100 20 46 6 13 0 80 72 34 0 1 35 0 95 11 61 28 24 11 58 55 95 45 29 42 58 75 39 4 27 66 33 83 0 42 3 35 93 46 45 71 42 83 77 10 64 15
7 76 0 17 97 29 73 81 36 76 50 14 70 40 20 5 48 25 3 5 35 86 15 37 0 70 90 96 53 58 36 36 71 97 52 10 28 67 41 0 44 58 2 89 16 95 39 93 71 39 21 64 55 45 0 25 46 53 87 45 48 6 52 69 88 0 47 34 8 4 96 0 2 64 99 80 0 13 31 3 25 41 40 57 1 51 0 11 10 70 25 12 0 0 0 10 59 68 30 18
58 39 7 0 84 0 71 81 76 42 24 26 4 34 80 50 0 96 33 0 18 15 3 0 0 0 0 0 0 41 0 61 68 42 79 28 21 38 49 0 60 82 36 51 72 47 9 75 99 9 92 97 7 68 67 90 79 65 80 34 11 23 0 38 63 10 66 87 33 65 93 20 88 3 44 50 42 88 12 52 70 27 14 85 78 62 22 0 88 96 2 17 65 33 72 0 0 21 89 56
78 56 64 67 81 87 0 82 45 0 74 76 56 0 6 51 97 17 54 33 16 91 88 29 65 24 0 100 0 9 64 62 45 62 0 35 98 70 31 11 56 31 32 88 78 77 45 19 78 67 98 19 72 84 3 4 74 95 86 70 0 92 73 60 68 82 98 93 0 46 78 41 86 89 47 92 4 98 83 54 88 71 70 50 11 97 57 82 0 90 42 32 53 58 28 50 30 73 70 78
44 16 78 89 75 0 40 15 26 50 62 89 85 45 32 64 80 39 28 0 0 74 84 49 50 25 0 0 2 0 62 52 89 94 0 3 41 37 78 64 81 38 53 69 0 0 52 64 1 58 35 36 44 40 93 55 0 36 50 0 62 98 34 20 93 0 0 39 29 1 47 48 10 0 54 47 12 81 30 60 90 57 10 15 48 9 78 76 47 26 27 70 36 99 9 13 71 73 66 72
7 51 98 99 65 22 16 86 7 36 29 85 86 0 0 63 6 50 0 40 19 65 31 63 35 84 82 48 0 90 34 40 65 87 58 21 21 33 12 29 35 83 35 86 49 80 6 41 47 62 74 3 46 11 0 54 53 0 61 13 61 15 21 35 72 56 25 47 73 37 34 24 92 15 56 86 74 0 25 86 18 71 15 92 64 19 37 90 59 29 78 0 62 0 98 99 19 70 19 82
50 72 51 66 14 20 14 20 61 22 20 49 12 88 70 55 26 52 52 28 27 98 33 22 0 38 14 8 26 0 23 90 47 0 33 7 78 57 59 40 68 41 0 33 65 17 0 78 82 61 52 71 12 0 14 12 8 96 76 1 12 13 0 71 2 0 5 0 20 9 0 48 38 24 20 32 38 8 11 98 4 96 71 92 28 31 30 28 69 74 39 84 27 85 55 55 4 65 0 98
91 0 9 82 0 74 0 84 83 24 23 52 20 58 66 70 23 5 7 61 10 18 53 6 66 82 82 99 36 0 0 70 0 32 17 63 0 9 0 32 84 94 29 77 30 39 40 56 74 46 18 81 76 0 87 78 74 91 98 3 26 76 18 95 44 81 99 67 40 16 33 47 56 48 95 57 8 0 76 51 2 17 3 96 24 69 5 25 61 27 49 83 82 20 24 43 6 81 89 43
96 3 59 73 10 85 83 5 0 0 62 84 66 73 7 0 27 56 38 27 47 11 78 59 24 73 47 0 48 20 94 0 40 0 41 50 82 50 86 2 37 22 5 88 36 15 97 51 62 0 37 70 53 91 0 78 36 78 31 21 64 55 53 100 13 62 99 69 0 100 60 5 29 12 77 0 71 24 62 17 19 27 52 58 39 9 83 75 48 8 17 27 76 46 20 27 65 0 18 64
85 40 8 0 29 0 13 53 86 55 32 21 25 0 14 0 0 25 76 44 59 5 78 17 10 78 77 0 9 0 58 35 0 11 1 56 60 83 14 1 33 30 25 57 64 73 83 99 52 86 94 52 0 28 0 100 75 6 80 43 92 10 10 11 65 92 20 0 27 84 75 34 34 0 78 55 14 48 87 0 63 9 50 70 0 83 51 8 39 45 95 12 74 29 12 85 89 36 60 38
0 62 31 4 84 56 82 96 43 42 57 54 19 59 11 29 96 0 24 78 100 79 75 27 62 6 41 73 38 0 74 60 36 0 10 30 45 51 20 92 42 42 62 45 67 89 100 46 1 83 44 13 0 39 44 57 43 15 24 0 96 63 47 1 53 45 19 35 20 87 29 8 26 55 34 97 22 1 91 52 57 45 92 36 0 33 76 29 69 0 94 100 50 0 68 70 84 71 44 40
76 27 4 79 91 99 19 79 40 6 6 90 0 69 91 61 0 99 48 47 33 86 9 73 0 73 83 65 6 16 0 0 94 84 0 80 55 44 82 18 7 68 39 45 18 54 35 25 25 31 46 75 97 52 89 18 28 0 93 98 43 0 67 96 87 83 51 99 57 56 67 60 86 16 68 45 18 17 15 16 0 34 25 24 32 74 35 42 38 62 40 0 30 0 0 17 34 53 71 60
96 88 84 7 92 0 7 56 9 80 63 60 51 12 46 24 98 5 66 97 58 99 0 7 94 100 0 19 77 87 89 15 0 84 1 0 11 27 4 37 24 31 7 66 75 24 0 96 0 33 20 0 72 67 69 42 37 40 97 79 83 88 22 69 11 47 3 74 77 14 61 89 6 64 18 77 22 41 36 92 18 48 61 0 81 50 88 36 16 81 16 95 65 30 91 61 67 0 0 36
82 86 30 23 82 84 54 25 0 0 24 27 43 81 20 6 61 20 98 72 56 80 42 13 0 27 57 13 31 32 21 90 15 30 87 31 0 16 54 54 93 27 81 26 0 69 91 51 94 3 39 63 100 83 47 100 0 41 88 88 15 65 13 95 71 88 14 18 67 64 82 0 82 34 32 38 61 49 20 24 89 42 44 79 46 8 55 0 52 66 46 11 93 0 3 60 53 85 61 95
33 0 0 14 60 0 78 29 45 0 63 88 32 32 34 41 2 69 51 0 42 46 87 18 32 68 22 14 63 0 0 17 37 74 91 73 39 0 77 0 93 0 67 51 30 24 43 70 41 0 4 2 67 19 22 0 92 30 42 83 83 40 24 44 23 0 58 25 55 99 37 15 76 13 45 86 87 28 0 76 10 90 83 34 62 28 75 86 2 71 63 37 50 0 47 48 28 71 88 70
33 57 13 16 0 0 4 76 0 60 86 96 91 100 0 23 81 77 0 20 56 60 13 7 9 27 61 53 98 22 89 30 55 34 41 46 1 28 0 7 87 55 42 25 5 3 75 55 59 21 44 100 5 62 23 2 5 95 46 22 1 94 18 79 51 0 32 24 23 1 1 59 15 61 52 68 61 4 21 61 63 36 56 22 30 83 47 95 38 0 11 76 0 61 5 41 0 32 43 80
27 44 96 80 30 45 84 65 38 14 95 90 81 12 24 38 56 44 74 3 0 0 93 89 29 68 17 36 2 24 54 73 23 39 37 94 63 43 2 0 94 57 3 93 11 99 0 93 38 75 79 33 65 25 40 68 4 0 39 73 95 0 72 98 43 19 71 48 0 22 0 52 40 0 67 60 29 20 23 0 64 0 0 63 67 98 18 25 1 70 28 49 33 94 0 44 46 75 54 76
50 74 42 75 91 0 62 51 0 20 43 54 79 66 86 82 26 32 95 38 92 24 92 40 10 8 35 98 27 84 6 0 21 68 17 63 23 37 21 89 0 21 53 58 62 99 39 52 33 90 63 73 0 12 0 91 91 78 81 90 29 50 80 83 37 34 8 90 74 33 21 3 83 1 95 0 47 96 29 46 50 29 0 92 38 26 57 35 47 5 76 100 58 23 79 99 89 64 97 73
45 51 42 0 49 10 78 75 62 86 83 67 61 56 39 92 78 20 27 25 15 44 19 65 43 48 40 26 6 46 63 0 0 84 34 48 52 35 98 100 100 0 2 0 29 93 18 16 68 91 42 98 62 0 57 2 38 81 11 63 25 12 40 37 13 19 78 27 77 65 47 52 49 0 87 53 67 20 69 0 0 0 38 45 13 96 60 83 77 45 79 64 27 28 88 35 91 13 26 29
53 87 76 0 44 10 77 38 95 70 98 69 57 61 35 52 45 42 29 0 40 0 83 24 53 47 51 56 100 91 34 3 21 93 68 90 97 93 6 2 31 26 0 21 57 3 63 80 78 20 78 75 0 23 3 0 14 29 24 70 91 95 92 94 67 47 55 37 94 96 88 89 32 82 85 0 94 65 80 39 31 0 70 69 51 43 1 0 88 0 84 50 60 14 66 0 92 68 72 47
4 16 65 28 64 95 24 36 48 13 83 36 47 33 44 40 58 63 67 93 2 59 12 62 32 18 66 92 54 34 73 93 34 73 74 5 67 58 69 16 99 79 95 0 0 5 0 66 5 49 0 50 56 15 47 35 79 11 90 84 18 24 72 3 80 47 94 92 57 0 82 75 6 83 19 46 7 0 77 49 0 66 97 78 21 0 63 88 14 2 83 19 1 36 92 7 52 0 45 88
62 2 0 28 78 81 92 46 83 40 78 10 37 67 91 95 89 28 18 82 59 77 20 37 100 34 25 1 65 48 2 0 41 6 0 100 80 74 36 33 27 73 87 58 0 0 81 85 37 3 91 29 21 39 65 89 47 21 32 97 19 0 19 78 7 54 87 21 56 11 38 4 0 20 0 9 83 96 12 31 12 82 75 15 99 31 0 94 10 9 85 38 0 0 36 48 62 37 2 95
2 74 72 0 53 0 68 52 5 18 83 70 18 0 89 86 7 94 36 28 78 72 61 33 81 45 8 66 14 47 33 78 80 87 0 56 87 99 60 77 96 75 58 96 1 0 25 31 38 55 11 83 72 0 15 27 16 0 0 0 70 61 59 99 0 50 0 76 22 15 19 48 14 2 24 78 99 36 40 8 84 28 93 0 83 6 5 41 31 0 0 40 19 96 25 4 97 42 41 50
46 0 0 71 74 95 52 64 28 52 60 96 74 87 100 84 54 46 31 1 40 64 0 10 24 7 43 82 20 73 94 79 72 72 85 5 92 94 55 0 0 90 85 0 61 49 0 42 80 0 84 87 0 100 61 29 9 0 12 0 95 33 13 40 62 68 60 41 28 11 64 47 71 76 26 41 0 63 59 23 90 44 71 73 74 0 12 64 4 13 93 79 7 42 64 79 67 0 89 49
3 57 29 0 85 30 28 100 11 96 21 56 65 6 33 82 100 60 51 43 87 91 0 1 99 12 80 38 57 44 4 92 31 0 9 12 82 63 0 75 73 30 80 10 18 98 94 0 6 9 22 21 39 1 56 57 18 20 69 36 95 6 2 37 2 12 57 12 75 0 95 88 21 89 43 0 78 34 85 32 85 57 32 13 0 76 84 94 83 14 77 64 73 88 14 73 50 13 4 52
100 86 1 24 32 47 5 40 23 23 46 88 24 98 71 59 0 36 35 46 10 56 61 97 96 80 93 66 47 0 70 57 22 34 63 41 94 0 75 49 19 98 69 78 78 61 55 57 0 58 39 33 71 19 0 40 92 94 29 0 82 64 34 49 42 39 60 27 4 28 0 82 96 18 0 96 20 0 78 0 7 78 94 0 39 50 58 74 93 22 24 69 82 44 66 94 51 77 6 39
3 58 79 38 15 14 0 70 82 9 99 45 44 32 0 28 0 34 52 53 0 30 1 58 97 47 7 50 40 8 11 48 11 100 0 49 46 75 29 72 63 60 94 46 32 43 76 43 97 0 65 4 0 13 0 0 6 45 9 44 0 100 50 80 0 90 3 0 27 20 70 49 1 20 47 2 0 76 0 44 0 95 49 33 94 75 0 46 92 7 8 70 59 94 0 42 64 0 87 55
30 81 2 14 87 45 0 27 0 65 100 24 3 0 17 39 62 18 19 9 24 63 38 6 50 10 98 48 52 44 46 3 52 5 24 61 53 70 0 76 95 82 23 24 40 0 76 65 95 30 0 98 67 7 1 24 22 99 1 36 11 22 98 69 94 25 12 89 62 48 94 30 21 88 96 12 74 100 97 33 67 3 0 82 27 95 69 70 57 30 2 14 52 55 39 81 68 0 88 5
52 71 47 11 1 86 26 43 48 98 63 57 5 99 20 67 21 99 48 37 84 19 89 12 47 35 3 15 27 79 49 0 55 10 0 92 42 69 70 50 11 92 58 0 12 37 29 10 96 90 94 0 34 21 73 46 49 7 98 23 90 36 93 66 15 39 48 0 69 71 0 54 94 57 0 14 91 20 48 76 70 77 46 75 70 55 97 100 89 30 75 46 39 60 44 28 10 42 77 71
86 11 67 68 71 80 13 0 54 51 97 18 71 9 98 16 22 82 62 32 13 75 34 68 10 42 0 0 2 85 68 7 94 64 32 22 67 75 78 68 51 92 59 0 83 97 44 40 0 39 60 55 0 22 61 79 22 96 0 64 16 20 31 21 29 50 93 4 97 0 58 35 0 18 58 69 65 14 12 90 0 63 88 0 23 52 5 88 52 84 88 93 0 97 24 8 45 97 76 45
18 0 41 15 37 8 10 67 46 36 65 41 42 84 90 61 0 20 30 83 25 0 23 19 8 5 0 37 51 14 58 17 0 83 74 1 45 8 82 33 96 42 44 55 64 39 25 15 94 0 86 0 45 0 90 73 90 76 30 100 86 32 90 76 0 39 89 75 79 0 3 38 68 52 85 83 38 35 56 82 70 67 31 0 34 77 34 38 16 82 35 16 91 92 85 62 21 3 19 45
0 0 35 59 12 26 64 12 38 84 13 0 70 98 27 2 43 73 6 4 81 23 15 22 34 34 19 0 91 84 82 9 94 29 7 82 93 27 64 37 81 43 2 67 95 27 76 57 74 67 44 65 52 3 0 0 39 76 35 92 69 90 13 43 72 3 24 50 96 43 53 44 59 25 22 21 79 10 19 40 5 78 50 11 18 22 8 77 57 40 30 33 14 90 19 73 3 36 55 6
74 85 6 0 71 0 38 67 4 91 0 0 83 98 0 25 3 98 64 0 33 3 65 86 49 0 66 32 92 53 0 78 41 91 97 0 85 60 0 33 32 77 89 39 26 92 70 49 61 65 41 12 81 44 61 0 34 82 17 20 48 69 85 67 48 74 98 19 41 62 96 21 90 51 98 54 0 71 27 5 58 29 32 41 42 98 57 6 83 63 96 43 36 63 62 44 38 20 3 9
36 75 62 73 94 61 19 5 3 50 35 29 48 2 0 73 96 25 39 95 98 68 50 40 0 0 0 2 24 80 78 20 38 90 75 9 57 69 96 52 80 58 39 95 3 46 74 40 18 30 21 82 37 58 46 44 0 71 4 8 0 60 68 48 55 0 37 1 9 0 56 87 85 27 0 48 96 61 60 25 28 84 88 0 58 93 17 82 49 2 71 2 81 57 51 47 4 29 0 91
21 41 37 88 76 3 0 11 13 23 90 55 15 60 58 88 86 70 10 72 14 5 10 45 38 1 35 12 86 8 0 24 50 56 81 8 39 37 25 45 87 2 10 41 0 66 14 6 63 83 48 63 0 95 51 88 31 0 48 75 1 9 58 0 21 27 44 47 41 19 30 78 31 72 36 22 20 72 75 99 49 76 1 91 72 59 82 94 5 52 0 76 32 0 0 0 79 33 51 50
47 51 22 67 0 2 97 41 75 89 0 35 66 65 40 23 0 61 76 87 0 48 91 50 55 11 0 96 87 25 78 76 0 7 0 76 12 65 62 67 50 97 5 29 0 87 0 22 86 3 88 75 62 8 46 16 0 0 0 88 53 17 96 43 33 0 32 27 56 22 30 60 63 33 23 84 84 61 33 5 0 53 45 12 96 19 73 27 6 90 2 4 31 77 9 31 13 0 45 33
59 0 81 57 57 85 80 14 77 50 66 93 8 12 29 94 21 82 44 50 47 63 79 0 38 25 49 88 15 29 0 78 48 56 53 13 55 62 73 52 0 72 77 0 54 34 62 86 96 92 91 15 38 62 41 0 74 97 97 0 1 31 25 64 38 0 93 5 0 4 0 53 16 94 73 46 40 35 59 74 89 58 92 63 77 57 22 99 76 54 76 50 11 27 76 94 0 88 6 28
15 15 37 77 22 94 10 79 38 82 57 31 80 68 32 0 0 56 60 55 89 0 86 50 81 73 67 25 76 0 94 48 30 26 51 54 0 0 61 24 24 1 13 20 15 72 47 53 75 92 43 0 48 36 59 29 87 18 75 21 0 21 43 48 12 9 78 15 81 26 97 57 15 34 45 53 0 55 9 47 34 22 38 91 81 22 3 70 0 20 70 64 59 82 43 88 0 41 42 43
24 96 18 99 39 61 91 0 95 13 0 99 26 14 94 13 33 13 30 56 14 17 7 0 36 0 0 0 83 53 33 0 90 51 4 9 0 92 0 83 63 76 45 47 100 64 63 94 66 91 63 0 96 12 48 96 100 33 97 4 34 0 42 30 79 97 55 0 0 1 39 42 9 0 0 82 99 0 66 76 0 58 6 26 0 54 0 0 31 27 65 16 0 96 67 0 69 33 25 0
92 0 78 0 68 28 19 11 38 0 81 33 74 53 90 77 34 66 83 0 5 0 46 28 52 0 13 18 71 41 0 37 59 41 0 71 97 72 48 38 23 0 48 24 49 69 61 59 10 0 17 98 83 25 0 38 98 6 49 42 69 37 0 15 35 0 100 37 71 49 4 4 57 62 31 37 88 15 97 48 3 87 0 18 33 16 92 59 66 75 30 57 21 82 6 84 2 47 22 29
67 66 5 15 49 0 16 52 57 100 2 5 87 0 21 51 95 7 14 80 39 19 38 0 52 0 0 72 67 85 97 73 0 84 78 80 84 78 36 71 42 37 97 95 28 52 42 51 24 39 16 82 72 1 42 97 30 71 100 0 58 43 75 0 32 1 5 0 75 4 68 29 0 16 68 70 22 86 30 44 77 22 58 30 43 54 0 24 43 73 0 46 55 47 54 7 70 69 75 59
93 10 87 35 52 68 21 34 80 1 51 71 76 14 58 56 0 100 68 35 86 53 66 0 66 80 59 27 81 27 6 44 63 35 17 47 72 9 66 39 41 52 65 65 80 12 14 98 0 60 53 22 42 100 0 76 55 27 43 11 0 78 9 7 0 23 33 65 0 1 25 70 71 22 0 47 43 44 33 5 64 45 57 66 48 58 93 0 0 0 75 94 73 98 52 0 95 39 16 62
28 20 24 77 62 44 86 98 74 88 24 82 38 43 4 78 62 37 47 22 27 23 7 0 54 28 96 7 57 93 95 54 66 38 66 46 34 12 94 53 55 18 18 42 0 42 37 83 66 39 66 0 11 80 39 94 80 33 32 0 9 16 0 57 0 0 52 64 36 97 32 30 0 61 26 44 66 45 77 15 48 4 45 10 27 82 96 0 72 64 61 24 93 92 93 71 86 31 1 88
1 79 28 72 2 77 10 48 37 68 79 67 0 97 99 78 96 8 62 75 52 0 29 7 87 29 82 62 51 0 32 87 59 66 84 71 77 2 28 75 16 62 73 54 82 78 22 1 90 72 18 12 97 41 40 94 52 9 67 9 94 42 60 2 6 61 0 39 51 38 3 62 7 68 84 75 77 48 8 16 31 11 1 44 39 95 0 90 32 62 17 98 88 47 6 1 85 49 37 14
16 70 0 22 30 79 23 87 52 36 0 31 35 99 45 0 91 0 74 28 60 81 0 36 38 0 69 55 82 1 59 34 37 23 79 21 54 34 18 0 13 82 83 0 79 0 81 2 43 0 83 0 13 37 100 27 97 24 63 96 67 84 0 81 98 20 30 0 9 43 54 3 0 0 94 36 90 56 0 88 0 35 0 6 60 0 64 77 0 38 43 20 39 14 89 21 28 98 5 32
93 67 44 76 80 43 57 36 60 90 52 79 38 38 48 47 68 98 81 100 42 75 40 9 6 49 36 37 11 25 0 67 99 76 86 56 15 91 27 57 87 60 73 0 19 0 27 92 62 83 18 67 56 89 84 0 41 61 84 12 0 77 66 0 77 39 7 34 0 9 31 59 8 85 49 4 62 36 19 82 57 52 32 6 98 0 68 4 36 62 13 12 98 51 30 71 0 42 52 37
84 20 71 93 95 59 0 7 78 82 47 17 86 17 87 55 28 81 87 5 80 79 71 33 82 94 0 96 47 0 34 83 3 67 75 0 27 67 57 56 0 0 28 15 62 14 0 69 93 82 78 78 51 61 23 53 30 16 7 39 66 93 43 19 82 36 65 37 90 0 81 59 0 62 33 38 96 35 22 52 21 0 7 51 43 26 15 63 66 79 3 85 30 71 40 25 55 48 91 100
45 23 12 16 88 28 30 89 14 56 27 35 0 61 62 58 89 43 80 11 6 25 51 3 0 52 43 72 35 30 57 74 48 0 49 63 96 32 77 32 64 42 84 0 83 92 48 65 85 4 14 66 0 59 0 86 0 13 47 0 89 47 29 35 47 7 77 49 75 44 0 8 3 70 51 26 72 89 54 10 63 7 91 73 21 9 5 49 3 20 0 7 39 96 87 70 78 9 0 20
81 82 19 9 78 46 32 76 89 17 0 36 82 66 29 0 67 58 36 38 0 32 89 71 42 50 71 0 11 32 89 70 19 25 56 44 60 55 30 31 44 10 0 87 39 25 100 26 34 52 69 61 77 33 36 24 33 84 90 10 14 72 6 4 79 61 22 0 28 95 53 0 1 58 0 41 91 24 48 88 93 42 85 75 63 0 46 3 3 86 26 51 47 4 79 77 36 27 37 13
36 65 54 0 50 62 83 0 58 0 89 22 4 44 26 68 67 23 0 29 23 49 17 11 77 49 59 39 33 49 66 40 43 30 14 78 88 40 70 53 93 89 64 36 27 23 0 75 26 76 72 0 48 47 59 3 9 99 6 2 89 49 87 91 63 79 88 21 65 29 61 0 0 0 82 50 5 30 36 33 1 43 25 48 17 48 16 59 93 83 27 10 81 88 41 65 18 34 26 0
17 93 40 38 47 25 56 41 3 0 53 67 39 32 79 81 76 63 1 58 91 9 61 56 0 44 0 93 5 84 2 55 3 19 88 0 8 88 0 72 0 53 14 47 41 34 11 78 16 41 64 0 64 10 23 4 32 0 71 41 69 77 85 73 89 9 35 0 72 14 81 3 39 0 0 5 93 21 24 8 41 54 67 29 25 45 89 19 73 5 54 100 64 60 67 76 0 63 54 92
20 53 66 97 70 0 46 71 3 81 2 10 56 0 26 66 55 13 39 58 22 67 100 8 0 22 0 16 77 21 35 32 60 71 65 87 10 100 57 72 68 45 71 51 37 28 10 35 16 81 38 86 12 26 90 70 33 85 75 30 66 99 65 78 50 93 44 0 73 40 68 10 16 21 0 38 45 1 16 83 95 22 10 22 0 6 32 0 4 99 27 11 23 47 86 43 57 67 26 63
0 95 0 61 99 1 2 35 68 65 80 24 100 64 32 34 7 27 80 39 1 50 72 38 6 0 10 0 43 12 86 97 30 91 68 73 39 91 11 44 1 37 60 56 81 54 96 49 97 18 68 20 21 38 62 2 23 80 67 31 92 70 91 27 75 92 77 60 97 29 26 15 33 90 75 0 92 34 11 35 47 38 29 28 58 6 13 52 1 47 74 67 0 86 39 53 83 68 13 88
81 78 0 11 0 66 49 86 38 61 100 0 0 0 0 14 46 47 1 66 57 52 36 27 0 38 94 25 94 100 74 97 67 99 97 12 37 63 36 68 84 28 28 74 41 59 68 80 56 92 18 94 61 48 49 50 0 23 81 92 87 89 49 50 65 50 21 45 0 6 74 78 43 0 38 69 0 100 60 51 22 53 23 41 60 40 32 8 44 68 62 53 36 86 32 33 80 11 13 13
55 72 84 93 0 35 1 0 59 0 25 37 2 79 74 24 11 77 48 4 68 38 35 73 63 36 54 24 1 41 20 59 95 93 55 73 0 34 75 65 0 5 96 0 46 90 25 38 95 20 67 46 92 69 98 17 0 91 72 0 24 83 79 44 44 11 25 36 43 100 43 80 12 28 0 4 9 0 100 5 71 88 59 81 85 56 72 48 57 27 15 90 29 0 96 98 90 92 20 7
2 26 68 24 15 7 86 0 0 1 31 99 34 0 19 11 88 72 0 70 57 83 29 61 16 72 0 75 82 18 73 91 19 2 60 3 50 0 84 0 50 82 88 95 8 0 9 70 67 71 86 15 10 31 69 91 83 69 9 11 52 82 50 36 88 19 98 48 91 89 78 0 7 48 33 61 1 81 0 53 25 80 36 82 1 0 85 34 85 50 0 81 27 59 44 100 56 84 100 30
34 75 96 53 0 51 87 26 0 57 63 35 0 31 39 0 3 71 3 19 21 68 0 91 70 94 78 0 27 70 49 0 26 76 83 63 17 41 81 71 7 41 67 83 42 30 16 88 0 62 22 28 87 52 0 79 8 61 68 52 32 85 29 63 96 87 23 62 11 46 94 19 45 78 68 4 78 9 67 0 35 75 39 66 46 38 0 0 0 25 17 89 35 84 75 3 84 87 44 25
48 16 62 25 39 42 36 9 23 57 74 8 54 84 86 9 41 6 1 87 62 40 0 42 2 0 20 77 47 12 65 71 58 36 22 85 6 28 44 18 24 59 88 29 97 12 69 13 0 84 7 34 45 0 5 76 13 55 0 73 39 23 77 85 12 98 58 5 93 99 44 51 30 99 57 61 84 64 79 0 0 20 3 43 13 62 9 0 85 48 1 32 0 41 37 41 23 0 4 44
89 89 17 9 89 44 12 0 65 0 33 97 52 0 79 42 61 17 14 67 23 21 22 46 66 0 56 36 83 30 4 18 6 74 45 75 63 97 0 18 0 87 84 66 4 57 34 0 61 17 94 41 23 10 11 53 84 18 97 15 8 43 71 7 88 44 93 38 0 14 70 86 66 34 94 34 48 52 76 6 44 0 59 88 40 0 47 0 0 68 15 67 42 69 86 0 49 0 98 0
45 100 96 97 45 85 28 0 40 97 99 17 65 27 64 59 0 56 38 16 47 42 47 22 17 3 82 61 93 33 98 88 60 0 82 99 23 59 93 0 21 21 39 35 30 87 93 81 62 83 85 37 8 15 2 47 2 9 85 53 23 0 4 0 93 44 75 33 81 30 0 41 93 0 21 48 22 65 93 15 24 62 0 86 0 25 26 0 78 69 65 37 95 95 10 38 45 91 39 23
66 76 45 7 89 85 64 91 0 79 70 31 28 69 46 0 23 98 57 88 56 98 0 32 91 0 48 70 35 14 73 96 17 59 0 23 57 94 14 63 98 0 71 63 31 45 22 0 93 80 19 15 37 48 59 40 70 96 70 72 27 13 33 91 3 0 9 94 56 0 17 72 8 12 7 86 90 10 31 71 6 29 87 0 92 8 34 71 54 80 52 13 95 57 45 20 96 89 16 55
44 83 26 0 38 16 75 50 85 88 86 89 28 0 98 34 6 20 1 0 0 44 0 38 57 87 96 89 39 80 40 0 60 82 45 35 53 20 25 0 16 63 40 29 79 56 98 0 53 71 92 98 2 57 83 38 48 57 68 85 16 5 7 51 87 33 47 9 15 75 0 6 50 27 96 56 62 13 15 57 31 20 7 9 0 0 100 5 15 82 5 97 50 57 94 11 0 39 87 98
11 60 91 81 79 0 40 54 44 1 92 32 59 81 69 30 56 67 37 63 0 80 88 39 77 98 56 56 4 67 32 34 22 64 5 22 0 68 73 51 65 89 99 81 43 1 61 0 64 95 28 52 69 82 0 54 80 61 84 83 64 58 64 54 41 30 43 95 85 86 7 91 91 33 59 51 52 92 62 52 2 73 65 26 29 0 43 5 45 79 52 63 86 60 36 74 94 63 39 10
58 3 37 22 83 42 1 62 14 22 61 49 7 94 39 87 48 85 36 36 9 44 1 47 0 53 29 70 36 66 83 72 5 56 66 16 38 0 77 0 0 12 36 60 72 98 100 25 39 31 7 31 56 28 60 57 81 91 82 50 78 16 28 61 81 0 66 14 46 3 77 19 32 0 93 3 72 36 59 78 34 52 48 0 30 18 0 58 29 94 0 5 0 38 99 15 26 65 75 70
61 7 86 89 18 57 10 32 6 45 79 92 14 54 75 30 0 75 70 41 10 53 68 58 59 86 55 33 76 21 0 53 0 53 66 10 84 31 8 97 53 93 0 39 89 30 28 10 0 30 46 63 72 0 64 92 27 56 40 14 0 53 17 70 0 93 27 5 31 0 53 0 78 98 56 80 52 31 50 61 63 79 29 63 95 76 7 0 89 0 65 19 8 26 87 13 32 47 61 86
4 41 59 76 31 56 17 45 90 57 98 48 36 98 68 72 77 14 0 41 93 82 78 73 63 34 63 15 0 5 18 26 99 20 22 29 15 71 93 70 70 30 86 0 52 93 13 48 37 0 62 81 76 44 75 15 69 9 73 33 71 91 53 84 95 45 100 7 75 0 41 60 58 28 85 53 22 92 47 72 50 41 44 79 50 88 88 43 0 43 0 67 41 83 41 65 94 2 98 47
0 30 52 7 67 0 61 74 1 64 54 80 7 0 0 65 80 97 17 58 87 14 92 0 88 75 68 49 79 72 72 57 4 0 90 72 10 22 37 55 30 72 67 74 0 43 19 99 80 0 88 52 48 95 18 35 64 0 98 52 30 79 92 37 55 42 8 78 82 13 94 0 80 8 73 18 78 37 58 69 95 29 71 66 11 94 90 40 26 0 16 95 29 7 20 58 18 56 55 84
50 29 71 68 80 96 84 4 10 89 89 17 49 55 18 28 0 25 61 34 97 34 71 57 36 87 37 44 60 2 79 96 10 51 0 1 32 42 49 87 27 62 0 35 60 70 30 47 11 55 65 80 60 99 50 58 60 60 46 65 40 69 91 78 0 25 48 6 21 0 82 13 36 50 9 92 13 13 34 30 63 4 89 51 57 28 33 64 16 62 0 52 53 31 43 0 75 53 0 15
82 77 6 77 42 94 18 58 52 69 56 22 54 20 18 83 9 44 78 19 88 0 38 0 17 86 86 66 5 44 56 89 76 95 0 17 17 61 14 25 83 92 22 61 73 92 78 12 75 0 0 78 14 81 85 69 77 53 60 94 36 67 47 0 90 0 8 95 3 81 0 49 22 66 35 3 74 87 37 53 3 60 68 76 93 0 96 3 67 0 18 0 3 71 32 6 100 52 80 9
81 91 91 26 62 8 70 0 92 19 35 0 70 13 0 41 53 98 31 0 59 18 5 86 99 74 0 95 30 57 16 88 82 73 53 17 76 92 94 21 0 93 55 11 5 0 80 51 59 13 74 20 91 3 23 83 25 85 26 93 19 93 0 54 0 0 76 42 83 73 75 29 55 72 42 55 20 41 32 43 64 0 84 73 31 65 94 13 8 73 84 17 0 94 19 0 27 2 44 0
50 81 95 91 0 100 36 0 68 66 88 75 87 45 24 51 60 83 41 79 68 69 9 65 28 21 0 0 51 52 18 0 28 46 5 81 40 51 81 56 7 42 0 77 3 22 79 91 32 0 0 2 0 52 33 17 38 37 0 46 76 73 37 34 0 72 47 45 96 65 6 68 19 61 73 91 71 1 0 94 8 0 98 14 77 0 74 53 60 68 33 26 31 0 31 96 83 19 11 86
75 48 20 41 36 21 38 25 84 55 57 51 15 95 10 9 42 79 18 16 29 15 24 32 11 10 16 29 91 26 85 20 14 73 29 0 0 47 20 83 66 66 0 23 0 63 42 98 25 0 41 35 67 34 33 75 50 89 8 29 26 75 68 63 74 90 0 37 71 84 81 0 61 62 37 54 0 67 81 25 88 37 84 0 30 40 29 61 46 87 19 41 0 24 0 100 21 18 11 82
54 8 72 87 53 57 8 4 37 83 31 64 37 77 97 9 59 32 3 17 34 73 83 88 99 63 48 0 40 59 13 23 39 3 51 43 94 59 34 33 99 0 63 96 0 100 0 44 23 9 56 9 40 79 67 83 86 64 63 58 17 48 17 64 66 0 90 4 90 56 13 29 40 91 22 97 20 9 13 68 50 74 40 79 85 94 46 43 27 4 5 0 24 26 89 0 36 26 50 41
25 6 0 25 49 67 90 58 36 92 91 44 24 68 41 71 15 36 41 49 39 90 88 91 85 99 0 0 0 32 19 22 38 0 65 13 70 74 26 58 52 73 74 82 12 35 83 73 99 1 0 97 7 85 76 38 0 17 92 23 100 4 80 35 41 0 73 9 29 95 51 96 84 71 60 33 33 61 67 14 98 39 91 39 7 56 0 19 0 85 29 38 53 75 24 99 0 96 70 0
4 97 98 85 21 0 16 63 47 47 96 0 61 85 72 17 18 81 38 0 0 22 54 61 58 54 26 88 78 66 71 73 99 0 26 28 0 43 34 70 50 94 26 44 80 90 7 14 47 35 0 23 76 98 21 80 49 80 19 59 72 39 68 39 0 81 76 0 80 41 8 0 45 29 49 18 0 29 84 22 79 54 14 49 82 47 31 31 85 77 60 38 10 80 87 90 95 0 74 41
42 6 0 39 53 2 63 77 65 13 77 6 15 70 42 82 4 99 44 8 9 89 95 0 6 84 39 59 44 59 61 86 47 21 65 0 90 71 74 36 61 93 55 100 51 16 88 70 63 90 71 24 62 7 1 22 80 94 52 52 65 100 37 6 81 40 63 11 0 26 72 82 91 100 19 64 0 97 94 88 29 67 33 40 12 0 17 8 50 84 67 84 49 98 64 8 58 62 0 38
88 20 23 21 97 0 34 100 45 79 68 64 29 50 58 96 100 0 31 100 12 8 74 21 55 50 34 73 8 70 68 22 67 41 7 0 11 44 90 0 20 17 0 50 27 41 6 90 26 73 30 49 6 100 0 37 75 56 22 26 88 56 1 67 98 41 10 47 0 5 99 0 94 58 46 75 89 51 81 0 82 27 0 44 9 92 0 81 77 92 45 4 78 69 47 19 0 22 27 0
